Lactose Free Whey Milk,Assorted Chocolate Butter,Gopi Paneer,Almond Milk,
American Cheese Slices,Bimbo Soft White Bread,Assorted Chocolate Butter,Gopi Paneer,
Happy Belly Plain Yogurt,Bimbo Soft White Bread,Amazon Eggs,Almond Milk,
American Cheese Slices, Sliced White Bread,Butter Unsalted Organic,Kevala Avocado Ghee,
Assorted Chocolate Butter,Kerrygold Butter Sticks,Amul Cheese Tin,Bimbo Soft White Bread,Good Day Pistachio
American Cheese Slices,Amul Processed Cheese ,Happy Belly Whole Milk,Good Day Pistachio,
Lactose Free Whey Milk,Amul Panner,Gopi Paneer,Oreo Cookies,Happy Belly Whole Milk
Amul Panner,Kerrygold Butter Sticks,,,
Paneer - Whole Form ,Kerrygold Butter Sticks,Happy Belly Whole Milk,Lactose Free Whey Milk,
Happy bely Vegacetable Oil,Butter Unsalted Organic,Oreo Cookies,,
American Cheese Slices,Amul Cheese Tin,Oreo Cookies,Happy Belly Whole Milk,Kerrygold Butter Sticks
Kerrygold Butter Sticks,Oreo Cookies,Amul Panner,,
Amul Yogurt,Judee’s Whole Egg,Happy Belly Plain Yogurt, Grass-Fed Ghee, Sliced White Bread
Siberian Pine Nut Oil Cold,Bread Sandwich Classic,Oreo Cookies,Amul Processed Cheese ,
Happy Belly Whole Milk,Amul Cheese Tin,,,
Lactose Free Whey Milk,Paneer - Whole Form ,Siberian Pine Nut Oil Cold,365  Oil Olive Blend,
Happy bely Vegacetable Oil,Butter Unsalted Organic,Oreo Cookies,,
Kevala Avocado Ghee,Happy bely Vegacetable Oil,Gopi Paneer,Happy Belly Whole Milk,Amul Processed Cheese 
Paneer - Whole Form ,Happy Belly Whole Milk,Assorted Chocolate Butter,Good Day Pistachio, Grass-Fed Ghee
Amul Processed Cheese ,Kerrygold Butter Sticks,Amul Cheese Tin,Parle-G,
